   1.2026667600000001        0.00000000       0.00000000       0.00000000    
   1.2053333500000001        0.00000000       0.00000000       0.00000000    
   1.2080000600000000        0.00000000       0.00000000       0.00000000    
   1.2106666600000000        0.00000000       0.00000000       0.00000000    
   1.2133333700000000        0.00000000       0.00000000       0.00000000    
   1.2160000799999999        0.00000000       0.00000000       0.00000000    
   1.2186666700000000        0.00000000       0.00000000       0.00000000    
   1.2213333799999999        0.00000000       0.00000000       0.00000000    
   1.2240001000000000        0.00000000       0.00000000       0.00000000    
   1.2266666900000001        0.00000000       0.00000000       0.00000000    
   1.2293334000000000        0.00000000       0.00000000       0.00000000    
   1.2319999900000000        0.00000000       0.00000000       0.00000000    
   1.2346667099999999        0.00000000       0.00000000       0.00000000    
   1.2373334199999999        0.00000000       0.00000000       0.00000000    
   1.2400000099999999        0.00000000       0.00000000       0.00000000    
   1.2426667199999999        0.00000000       0.00000000       0.00000000    
   1.2453334300000001        0.00000000       0.00000000       0.00000000    
   1.2480000300000000        0.00000000       0.00000000       0.00000000    
   1.2506667400000000        0.00000000       0.00000000       0.00000000    
   1.2533333300000000        0.00000000       0.00000000       0.00000000    
   1.2560000400000000        0.00000000       0.00000000       0.00000000    
   1.2586667499999999        0.00000000       0.00000000       0.00000000    
   1.2613333499999999        0.00000000       0.00000000       0.00000000    
   1.2640000600000001        0.00000000       0.00000000       0.00000000    
   1.2666666499999999        0.00000000       0.00000000       0.00000000    
   1.2693333600000001        0.00000000       0.00000000       0.00000000    
   1.2720000700000000        0.00000000       0.00000000       0.00000000    
   1.2746666700000000        0.00000000       0.00000000       0.00000000    
   1.2773333800000000        0.00000000       0.00000000       0.00000000    
   1.2800000899999999        0.00000000       0.00000000       0.00000000    
   1.2826666799999999        0.00000000       0.00000000       0.00000000    
   1.2853334000000001        0.00000000       0.00000000       0.00000000    
   1.2879999900000001        0.00000000       0.00000000       0.00000000    
   1.2906667000000001        0.00000000       0.00000000       0.00000000    
   1.2933334100000000        0.00000000       0.00000000       0.00000000    
   1.2960000000000000        0.00000000       0.00000000       0.00000000    
   1.2986667199999999        0.00000000       0.00000000       0.00000000    
   1.3013334299999999        0.00000000       0.00000000       0.00000000    
   1.3040000199999999        0.00000000       0.00000000       0.00000000    
   1.3066667300000001        0.00000000       0.00000000       0.00000000    
   1.3093333199999999        0.00000000       0.00000000       0.00000000    
   1.3120000400000000        0.00000000       0.00000000       0.00000000    
   1.3146667500000000        0.00000000       0.00000000       0.00000000    
   1.3173333400000000        0.00000000       0.00000000       0.00000000    
   1.3200000500000000        0.00000000       0.00000000       0.00000000    
   1.3226667599999999        0.00000000       0.00000000       0.00000000    
   1.3253333599999999        0.00000000       0.00000000       0.00000000    
   1.3280000700000001        0.00000000       0.00000000       0.00000000    
   1.3306666599999999        0.00000000       0.00000000       0.00000000    
   1.3333333700000001        0.00000000       0.00000000       0.00000000    
   1.3360000800000000        0.00000000       0.00000000       0.00000000    
   1.3386666800000000        0.00000000       0.00000000       0.00000000    
   1.3413333900000000        0.00000000       0.00000000       0.00000000    
   1.3440000999999999        0.00000000       0.00000000       0.00000000    
   1.3466666899999999        0.00000000       0.00000000       0.00000000    
   1.3493334100000001        0.00000000       0.00000000       0.00000000    
   1.3520000000000001        0.00000000       0.00000000       0.00000000    
   1.3546667100000001        4.21442033E-04   6.01643114E-04  0.155310780    
   1.3573334200000000        4.95426496E-03   3.44979996E-03  0.681300879    
   1.3600000100000000        1.31584872E-02   6.06049784E-03   1.22567129    
   1.3626667299999999        2.08782367E-02   6.37009460E-03   1.43425024    
   1.3653333200000000        2.49217357E-02   6.60571875E-03   1.48470843    
   1.3680000299999999        2.76052319E-02   6.50455197E-03   1.46594250    
   1.3706667400000001        3.00164614E-02   6.53949054E-03   1.44538009    
   1.3733333299999999        3.19654308E-02   6.55911444E-03   1.41970444    
   1.3760000500000000        3.38927396E-02   6.59173168E-03   1.39799225    
   1.3786667600000000        3.58516574E-02   6.60996931E-03   1.37759387    
   1.3813333500000000        3.78213488E-02   6.66273851E-03   1.36028826    
   1.3840000600000000        3.96910124E-02   6.70717517E-03   1.34585714    
   1.3866666599999999        4.16407585E-02   6.76021958E-03   1.33184886    
   1.3893333699999999        4.35581394E-02   6.83242222E-03   1.32020628    
   1.3920000800000001        4.54953574E-02   6.90213172E-03   1.30934131    
   1.3946666700000001        4.73920181E-02   6.98408438E-03   1.29938865    
   1.3973333800000001        4.94237766E-02   7.04356376E-03   1.28927743    
   1.4000001000000000        5.14448881E-02   7.11084204E-03   1.28034997    
   1.4026666900000000        5.34178801E-02   7.21587008E-03   1.27333498    
   1.4053334000000000        5.54707088E-02   7.29816128E-03   1.26627553    
   1.4079999900000000        5.75784035E-02   7.40122283E-03   1.25927424    
   1.4106666999999999        5.96759431E-02   7.51001108E-03   1.25352681    
   1.4133334200000001        6.18755780E-02   7.62000494E-03   1.24733734    
   1.4160000100000001        6.40393645E-02   7.73664564E-03   1.24217844    
   1.4186667200000000        6.63300380E-02   7.86335301E-03   1.23718238    
   1.4213333100000001        6.86161444E-02   8.00097547E-03   1.23272514    
   1.4240000200000000        7.10516796E-02   8.14941991E-03   1.22813463    
   1.4266667399999999        7.34444931E-02   8.25147890E-03   1.22430503    
   1.4293333300000000        7.59931877E-02   8.43183603E-03   1.22056639    
   1.4320000399999999        7.85894617E-02   8.61029886E-03   1.21699536    
   1.4346666299999999        8.12688842E-02   8.77821725E-03   1.21353376    
   1.4373333500000001        8.40971619E-02   8.95295851E-03   1.21066606    
   1.4400000600000000        8.69364291E-02   9.15726181E-03   1.20767510    
   1.4426666500000001        8.99500102E-02   9.36227571E-03   1.20523095    
   1.4453333600000000        9.30767953E-02   9.60541330E-03   1.20278060    
   1.4480000700000000        9.63361636E-02   9.84022859E-03   1.20038021    
   1.4506666699999999        9.97883603E-02   1.00879557E-02   1.19830906    
   1.4533333799999999       0.103359476       1.03802523E-02   1.19606924    
   1.4560000900000001       0.107125305       1.06817950E-02   1.19428694    
   1.4586666800000001       0.111112922       1.10035380E-02   1.19235396    
   1.4613333900000001       0.115392566       1.13396887E-02   1.19056094    
   1.4639999900000000       0.119991645       1.17368447E-02   1.18912530    
   1.4666667000000000       0.124770418       1.21873431E-02   1.18750501    
   1.4693334100000000       0.129975110       1.26213366E-02   1.18626297    
   1.4720000000000000       0.135632142       1.31779118E-02   1.18463159    
   1.4746667099999999       0.141822636       1.37106208E-02   1.18346930    
   1.4773333099999999       0.148542851       1.43845184E-02   1.18191862    
   1.4800000200000001       0.156059116       1.51662426E-02   1.18058038    
   1.4826667300000000       0.164485678       1.60838291E-02   1.17902899    
   1.4853334400000000       0.173828468       1.70945209E-02   1.17747879    
   1.4880000400000000       0.184969887       1.83724351E-02   1.17514944    
   1.4906667499999999       0.197896257       1.99416671E-02   1.17287934    
   1.4933333400000000       0.213524416       2.18635798E-02   1.16926682    
   1.4960000499999999       0.233324587       2.45914590E-02   1.16429448    
   1.4986666399999999       0.259842664       2.84054577E-02   1.15657914    
   1.5013333600000001       0.298998445       3.45038213E-02   1.14218271    
   1.5040000700000000       0.366630107       4.51225117E-02   1.10996926    
   1.5066666600000000       0.502698362       5.53600974E-02   1.00625014    
   1.5093333700000000       0.653277576       3.96496318E-02  0.821925223    
   1.5120000800000000       0.737971127       2.65992340E-02  0.696737647    
   1.5146666799999999       0.789267004       1.98584925E-02  0.617177367    
   1.5173333899999999       0.825331569       1.57057922E-02  0.558521986    
   1.5199999799999999       0.852884829       1.28683578E-02  0.511375248    
   1.5226666900000001       0.875140190       1.08051756E-02  0.471493542    
   1.5253334000000001       0.894084811       9.18371417E-03  0.435722917    
   1.5280000000000000       0.910968840       7.87925534E-03  0.402728707    
   1.5306667100000000       0.926743746       6.73634792E-03  0.370875776    
   1.5333333000000000       0.942645252       5.68969501E-03  0.338342220    
   1.5360000100000000       0.960767090       4.57647769E-03  0.302234352    
   1.5386667300000001       0.990199506       0.00000000       0.00000000    
   1.5413333199999999       0.990528822       0.00000000       0.00000000    
   1.5440000300000001       0.990850627       0.00000000       0.00000000    
   1.5466666200000001       0.991148651       0.00000000       0.00000000    
   1.5493333300000001       0.991414487       0.00000000       0.00000000    
   1.5520000500000000       0.991641462       0.00000000       0.00000000    
   1.5546667599999999       0.991829574       0.00000000       0.00000000    
   1.5573333499999999       0.991985381       0.00000000       0.00000000    
   1.5600000599999999       0.992118955       0.00000000       0.00000000    
   1.5626666499999999       0.992243946       0.00000000       0.00000000    
   1.5653333700000001       0.992374718       0.00000000       0.00000000    
   1.5680000800000000       0.992524505       0.00000000       0.00000000    
   1.5706666700000000       0.992708921       0.00000000       0.00000000    
   1.5733333800000000       0.992939174       0.00000000       0.00000000    
   1.5759999800000000       0.993227005       0.00000000       0.00000000    
   1.5786666899999999       0.993576109       0.00000000       0.00000000    
   1.5813333999999999       0.993981361       0.00000000       0.00000000    
   1.5840001100000001       0.994413793       0.00000000       0.00000000    
   1.5866667000000001       0.994825184       0.00000000       0.00000000    
   1.5893333000000001       0.995181143       0.00000000       0.00000000    
   1.5920000100000000       0.995471597       0.00000000       0.00000000    
   1.5946667200000000       0.995703280       0.00000000       0.00000000    
   1.5973333100000000       0.995882690       0.00000000       0.00000000    
   1.6000000200000000       0.996017218       0.00000000       0.00000000    
   1.6026667400000001       0.996123672       0.00000000       0.00000000    
   1.6053333299999999       0.996237159       0.00000000       0.00000000    
   1.6080000400000001       0.996393323       0.00000000       0.00000000    
   1.6106667500000000       0.996610761       0.00000000       0.00000000    
   1.6133333400000001       0.996880949       0.00000000       0.00000000    
   1.6160000600000000       0.997243643       0.00000000       0.00000000    
   1.6186666500000000       0.997815430       0.00000000       0.00000000    
   1.6213333599999999       0.998522222       0.00000000       0.00000000    
   1.6240000699999999       0.999008238       0.00000000       0.00000000    
   1.6266666700000001       0.999282181       0.00000000       0.00000000    
   1.6293333800000001       0.999611735       0.00000000       0.00000000    
   1.6319999700000001       0.999841332       0.00000000       0.00000000    
   1.6346666800000000       0.999975145       0.00000000       0.00000000    
   1.6373333900000000        1.00000000       0.00000000       0.00000000    
   1.6399999900000000        1.00000000       0.00000000       0.00000000    
   1.6426666999999999        1.00000000       0.00000000       0.00000000    
   1.6453332899999999        1.00000000       0.00000000       0.00000000    
   1.6479999999999999        1.00000000       0.00000000       0.00000000    
   1.6506667100000001        1.00000000       0.00000000       0.00000000    
   1.6533333100000001        1.00000000       0.00000000       0.00000000    
   1.6560000200000000        1.00000000       0.00000000       0.00000000    
   1.6586666100000000        1.00000000       0.00000000       0.00000000    
   1.6613333200000000        1.00000000       0.00000000       0.00000000    
   1.6640000300000000        1.00000000       0.00000000       0.00000000    
   1.6666666299999999        1.00000000       0.00000000       0.00000000    
   1.6693333400000001        1.00000000       0.00000000       0.00000000    
   1.6720000500000001        1.00000000       0.00000000       0.00000000    
   1.6746666400000001        1.00000000       0.00000000       0.00000000    
   1.6773333500000001        1.00000000       0.00000000       0.00000000    
   1.6800000700000000        1.00000000       0.00000000       0.00000000    
   1.6826666600000000        1.00000000       0.00000000       0.00000000    
   1.6853333699999999        1.00000000       0.00000000       0.00000000    
   1.6879999600000000        1.00000000       0.00000000       0.00000000    
   1.6906666800000001        1.00000000       0.00000000       0.00000000    
   1.6933333900000000        1.00000000       0.00000000       0.00000000    
   1.6959999800000001        1.00000000       0.00000000       0.00000000    
   1.6986666900000000        1.00000000       0.00000000       0.00000000    
   1.7013332800000001        1.00000000       0.00000000       0.00000000    
