   1.2026667600000001        0.00000000       0.00000000       0.00000000    
   1.2053333500000001        0.00000000       0.00000000       0.00000000    
   1.2080000600000000        0.00000000       0.00000000       0.00000000    
   1.2106666600000000        0.00000000       0.00000000       0.00000000    
   1.2133333700000000        0.00000000       0.00000000       0.00000000    
   1.2160000799999999        0.00000000       0.00000000       0.00000000    
   1.2186666700000000        0.00000000       0.00000000       0.00000000    
   1.2213333799999999        0.00000000       0.00000000       0.00000000    
   1.2240001000000000        0.00000000       0.00000000       0.00000000    
   1.2266666900000001        0.00000000       0.00000000       0.00000000    
   1.2293334000000000        0.00000000       0.00000000       0.00000000    
   1.2319999900000000        0.00000000       0.00000000       0.00000000    
   1.2346667099999999        0.00000000       0.00000000       0.00000000    
   1.2373334199999999        0.00000000       0.00000000       0.00000000    
   1.2400000099999999        0.00000000       0.00000000       0.00000000    
   1.2426667199999999        0.00000000       0.00000000       0.00000000    
   1.2453334300000001        0.00000000       0.00000000       0.00000000    
   1.2480000300000000        0.00000000       0.00000000       0.00000000    
   1.2506667400000000        0.00000000       0.00000000       0.00000000    
   1.2533333300000000        0.00000000       0.00000000       0.00000000    
   1.2560000400000000        0.00000000       0.00000000       0.00000000    
   1.2586667499999999        0.00000000       0.00000000       0.00000000    
   1.2613333499999999        0.00000000       0.00000000       0.00000000    
   1.2640000600000001        0.00000000       0.00000000       0.00000000    
   1.2666666499999999        0.00000000       0.00000000       0.00000000    
   1.2693333600000001        0.00000000       0.00000000       0.00000000    
   1.2720000700000000        0.00000000       0.00000000       0.00000000    
   1.2746666700000000        0.00000000       0.00000000       0.00000000    
   1.2773333800000000        0.00000000       0.00000000       0.00000000    
   1.2800000899999999        0.00000000       0.00000000       0.00000000    
   1.2826666799999999        0.00000000       0.00000000       0.00000000    
   1.2853334000000001        0.00000000       0.00000000       0.00000000    
   1.2879999900000001        0.00000000       0.00000000       0.00000000    
   1.2906667000000001        0.00000000       0.00000000       0.00000000    
   1.2933334100000000        0.00000000       0.00000000       0.00000000    
   1.2960000000000000        0.00000000       0.00000000       0.00000000    
   1.2986667199999999        0.00000000       0.00000000       0.00000000    
   1.3013334299999999        0.00000000       0.00000000       0.00000000    
   1.3040000199999999        0.00000000       0.00000000       0.00000000    
   1.3066667300000001        0.00000000       0.00000000       0.00000000    
   1.3093333199999999        0.00000000       0.00000000       0.00000000    
   1.3120000400000000        0.00000000       0.00000000       0.00000000    
   1.3146667500000000        0.00000000       0.00000000       0.00000000    
   1.3173333400000000        0.00000000       0.00000000       0.00000000    
   1.3200000500000000        0.00000000       0.00000000       0.00000000    
   1.3226667599999999        0.00000000       0.00000000       0.00000000    
   1.3253333599999999        0.00000000       0.00000000       0.00000000    
   1.3280000700000001        0.00000000       0.00000000       0.00000000    
   1.3306666599999999        0.00000000       0.00000000       0.00000000    
   1.3333333700000001        0.00000000       0.00000000       0.00000000    
   1.3360000800000000        0.00000000       0.00000000       0.00000000    
   1.3386666800000000        0.00000000       0.00000000       0.00000000    
   1.3413333900000000        0.00000000       0.00000000       0.00000000    
   1.3440000999999999        0.00000000       0.00000000       0.00000000    
   1.3466666899999999        0.00000000       0.00000000       0.00000000    
   1.3493334100000001        6.56704578E-05   1.25795937E-04   2.91914865E-02
   1.3520000000000001        9.32991330E-04   1.03569939E-03  0.225142643    
   1.3546667100000001        6.89120265E-03   4.39887214E-03  0.904859006    
   1.3573334200000000        1.69382095E-02   6.29109051E-03   1.35674858    
   1.3600000100000000        2.08923500E-02   6.55793073E-03   1.41788256    
   1.3626667299999999        2.62000859E-02   6.72081159E-03   1.52074814    
   1.3653333200000000        2.85422485E-02   6.72063837E-03   1.48202240    
   1.3680000299999999        3.10503859E-02   6.69562351E-03   1.45326471    
   1.3706667400000001        3.26732732E-02   6.65310072E-03   1.41755116    
   1.3733333299999999        3.49595286E-02   6.75539766E-03   1.40671384    
   1.3760000500000000        3.69867459E-02   6.80993637E-03   1.38706183    
   1.3786667600000000        3.91288996E-02   6.87973853E-03   1.37027562    
   1.3813333500000000        4.09249924E-02   6.91796280E-03   1.35507250    
   1.3840000600000000        4.31045480E-02   7.00983685E-03   1.34059584    
   1.3866666599999999        4.52082157E-02   7.07539869E-03   1.32908559    
   1.3893333699999999        4.73033376E-02   7.15542445E-03   1.31654716    
   1.3920000800000001        4.93754372E-02   7.24243047E-03   1.30547726    
   1.3946666700000001        5.16366959E-02   7.35349022E-03   1.29678905    
   1.3973333800000001        5.37124723E-02   7.46068219E-03   1.28780937    
   1.4000001000000000        5.57179973E-02   7.53578264E-03   1.28007281    
   1.4026666900000000        5.79908825E-02   7.65235769E-03   1.27321291    
   1.4053334000000000        6.03467226E-02   7.78478477E-03   1.26669729    
   1.4079999900000000        6.27090409E-02   7.91973434E-03   1.26057088    
   1.4106666999999999        6.50312975E-02   8.06243252E-03   1.25497925    
   1.4133334200000001        6.74931705E-02   8.24286789E-03   1.24900806    
   1.4160000100000001        7.00096413E-02   8.38089455E-03   1.24398577    
   1.4186667200000000        7.27550909E-02   8.56031012E-03   1.23974228    
   1.4213333100000001        7.55525753E-02   8.73397570E-03   1.23505437    
   1.4240000200000000        7.82628581E-02   8.94219801E-03   1.23099911    
   1.4266667399999999        8.12907517E-02   9.13903490E-03   1.22692883    
   1.4293333300000000        8.42626765E-02   9.39107034E-03   1.22347975    
   1.4320000399999999        8.74355957E-02   9.63323470E-03   1.22044861    
   1.4346666299999999        9.07327980E-02   9.88181029E-03   1.21741414    
   1.4373333500000001        9.42714140E-02   1.01407086E-02   1.21412790    
   1.4400000600000000        9.82599407E-02   1.05150072E-02   1.21162152    
   1.4426666500000001       0.102539547       1.08745042E-02   1.20854592    
   1.4453333600000000       0.107400529       1.13264574E-02   1.20616531    
   1.4480000700000000       0.111598253       1.17189949E-02   1.20350802    
   1.4506666699999999       0.116568372       1.21588595E-02   1.20136297    
   1.4533333799999999       0.122251444       1.27002755E-02   1.19870484    
   1.4560000900000001       0.127913058       1.31598571E-02   1.19591784    
   1.4586666800000001       0.135515928       1.39729986E-02   1.19294310    
   1.4613333900000001       0.142905384       1.46075999E-02   1.18976533    
   1.4639999900000000       0.152788371       1.54589256E-02   1.18527818    
   1.4666667000000000       0.159150049       1.62176993E-02   1.18370926    
   1.4693334100000000       0.171276674       1.72512848E-02   1.17901289    
   1.4720000000000000       0.182770774       1.82729643E-02   1.17340279    
   1.4746667099999999       0.197606221       1.94269884E-02   1.16656744    
   1.4773333099999999       0.216130599       2.06302926E-02   1.15538180    
   1.4800000200000001       0.230879009       2.17488892E-02   1.14496005    
   1.4826667300000000       0.257560432       2.34012809E-02   1.12834799    
   1.4853334400000000       0.278260529       2.44752653E-02   1.11301029    
   1.4880000400000000       0.306449980       2.55447496E-02   1.09664524    
   1.4906667499999999       0.342780769       2.60989033E-02   1.06402695    
   1.4933333400000000       0.378139466       2.69853193E-02   1.03301072    
   1.4960000499999999       0.413677037       2.71194894E-02   1.00129414    
   1.4986666399999999       0.455048919       2.70040650E-02  0.958491921    
   1.5013333600000001       0.492073357       2.61967946E-02  0.921115220    
   1.5040000700000000       0.526748300       2.55067982E-02  0.881292939    
   1.5066666600000000       0.566070139       2.40218975E-02  0.832861960    
   1.5093333700000000       0.604683161       2.30087116E-02  0.793721855    
   1.5120000800000000       0.632057011       2.15815026E-02  0.756739199    
   1.5146666799999999       0.660802484       2.00472474E-02  0.723989844    
   1.5173333899999999       0.689737260       1.86919626E-02  0.680476904    
   1.5199999799999999       0.712701857       1.74187738E-02  0.648143828    
   1.5226666900000001       0.733430445       1.62619893E-02  0.626717210    
   1.5253334000000001       0.752653480       1.51752364E-02  0.598434150    
   1.5280000000000000       0.771928191       1.41121587E-02  0.573493659    
   1.5306667100000000       0.786647856       1.32113378E-02  0.544972658    
   1.5333333000000000       0.800100446       1.24409432E-02  0.525039971    
   1.5360000100000000       0.815138936       1.15602771E-02  0.504139721    
   1.5386667300000001       0.828075588       1.08079202E-02  0.487349808    
   1.5413333199999999       0.837865233       1.01732137E-02  0.465020210    
   1.5440000300000001       0.847808659       9.61111486E-03  0.449472129    
   1.5466666200000001       0.857920468       9.04613733E-03  0.433373094    
   1.5493333300000001       0.867294371       8.47623404E-03  0.412272424    
   1.5520000500000000       0.873665094       8.06199946E-03  0.402170628    
   1.5546667599999999       0.881796122       7.62137305E-03  0.388569951    
   1.5573333499999999       0.888017774       7.28484662E-03  0.375068516    
   1.5600000599999999       0.895445883       6.82651764E-03  0.362014651    
   1.5626666499999999       0.900543869       6.56409701E-03  0.347879112    
   1.5653333700000001       0.905228376       6.24810625E-03  0.335939586    
   1.5680000800000000       0.910860777       5.92450192E-03  0.324278682    
   1.5706666700000000       0.915446222       5.65724866E-03  0.314427048    
   1.5733333800000000       0.918552935       5.45620639E-03  0.305593699    
   1.5759999800000000       0.923136353       5.21691889E-03  0.297673553    
   1.5786666899999999       0.927222490       4.95709572E-03  0.283383667    
   1.5813333999999999       0.930544972       4.73829638E-03  0.275439203    
   1.5840001100000001       0.934358895       4.51617735E-03  0.263386101    
   1.5866667000000001       0.937369943       4.35245037E-03  0.254923224    
   1.5893333000000001       0.939971328       4.18522116E-03  0.246284768    
   1.5920000100000000       0.942433178       4.03207680E-03  0.241045982    
   1.5946667200000000       0.945241630       3.85483936E-03  0.230522305    
   1.5973333100000000       0.947678328       3.72543465E-03  0.222019628    
   1.6000000200000000       0.949633181       3.60844005E-03  0.212083101    
   1.6026667400000001       0.951572955       3.47203109E-03  0.210254043    
   1.6053333299999999       0.953725696       3.36371269E-03  0.200364515    
   1.6080000400000001       0.955348253       3.26761347E-03  0.192563266    
   1.6106667500000000       0.957204163       3.13876872E-03  0.188218519    
   1.6133333400000001       0.958961487       3.03234952E-03  0.180799797    
   1.6160000600000000       0.960307360       2.94447807E-03  0.177160218    
   1.6186666500000000       0.962406039       2.81305355E-03  0.167225540    
   1.6213333599999999       0.963106751       2.76576192E-03  0.164360493    
   1.6240000699999999       0.964584291       2.67274282E-03  0.158511773    
   1.6266666700000001       0.966062367       2.58639059E-03  0.153238326    
   1.6293333800000001       0.967003644       2.52910657E-03  0.148886845    
   1.6319999700000001       0.968670547       2.43529887E-03  0.141900569    
   1.6346666800000000       0.969160974       2.39336723E-03  0.139198601    
   1.6373333900000000       0.970030785       2.33697495E-03  0.133318156    
   1.6399999900000000       0.971163213       2.26434343E-03  0.130020082    
   1.6426666999999999       0.972325861       2.19411985E-03  0.125798300    
   1.6453332899999999       0.973144352       2.13254686E-03  0.122508302    
   1.6479999999999999       0.974016488       2.07996159E-03  0.117330678    
   1.6506667100000001       0.974744201       2.04246934E-03  0.113220319    
   1.6533333100000001       0.975452781       1.99188129E-03  0.110604718    
   1.6560000200000000       0.976753891       1.90750544E-03  0.104082234    
   1.6586666100000000       0.977194190       1.88472436E-03  0.104469277    
   1.6613333200000000       0.977998495       1.83145900E-03   9.97384563E-02
   1.6640000300000000       0.978644609       1.79404567E-03   9.62251648E-02
   1.6666666299999999       0.979336917       1.74412981E-03   9.38034579E-02
   1.6693333400000001       0.979867995       1.70803687E-03   9.06121060E-02
   1.6720000500000001       0.980374515       1.68156018E-03   8.65250751E-02
   1.6746666400000001       0.980607867       1.66106480E-03   8.69478807E-02
   1.6773333500000001       0.981694639       1.59894442E-03   8.27325657E-02
   1.6800000700000000       0.982022703       1.57612038E-03   7.95383751E-02
   1.6826666600000000       0.982772529       1.52606773E-03   7.69697875E-02
   1.6853333699999999       0.983002603       1.51369604E-03   7.58361444E-02
   1.6879999600000000       0.983391702       1.48440734E-03   7.23440200E-02
   1.6906666800000001       0.983767152       1.45804894E-03   7.05970824E-02
   1.6933333900000000       0.984250963       1.43031520E-03   7.04110935E-02
   1.6959999800000001       0.984883249       1.38456980E-03   6.73879087E-02
   1.6986666900000000       0.985405862       1.35372579E-03   6.34864196E-02
   1.7013332800000001       0.985874951       1.32461044E-03   6.24599829E-02
