   1.2026667600000001        0.00000000       0.00000000       0.00000000    
   1.2053333500000001        0.00000000       0.00000000       0.00000000    
   1.2080000600000000        0.00000000       0.00000000       0.00000000    
   1.2106666600000000        0.00000000       0.00000000       0.00000000    
   1.2133333700000000        0.00000000       0.00000000       0.00000000    
   1.2160000799999999        0.00000000       0.00000000       0.00000000    
   1.2186666700000000        0.00000000       0.00000000       0.00000000    
   1.2213333799999999        0.00000000       0.00000000       0.00000000    
   1.2240001000000000        0.00000000       0.00000000       0.00000000    
   1.2266666900000001        0.00000000       0.00000000       0.00000000    
   1.2293334000000000        0.00000000       0.00000000       0.00000000    
   1.2319999900000000        0.00000000       0.00000000       0.00000000    
   1.2346667099999999        0.00000000       0.00000000       0.00000000    
   1.2373334199999999        0.00000000       0.00000000       0.00000000    
   1.2400000099999999        0.00000000       0.00000000       0.00000000    
   1.2426667199999999        0.00000000       0.00000000       0.00000000    
   1.2453334300000001        0.00000000       0.00000000       0.00000000    
   1.2480000300000000        0.00000000       0.00000000       0.00000000    
   1.2506667400000000        0.00000000       0.00000000       0.00000000    
   1.2533333300000000        0.00000000       0.00000000       0.00000000    
   1.2560000400000000        0.00000000       0.00000000       0.00000000    
   1.2586667499999999        0.00000000       0.00000000       0.00000000    
   1.2613333499999999        0.00000000       0.00000000       0.00000000    
   1.2640000600000001        0.00000000       0.00000000       0.00000000    
   1.2666666499999999        0.00000000       0.00000000       0.00000000    
   1.2693333600000001        0.00000000       0.00000000       0.00000000    
   1.2720000700000000        0.00000000       0.00000000       0.00000000    
   1.2746666700000000        0.00000000       0.00000000       0.00000000    
   1.2773333800000000        0.00000000       0.00000000       0.00000000    
   1.2800000899999999        0.00000000       0.00000000       0.00000000    
   1.2826666799999999        0.00000000       0.00000000       0.00000000    
   1.2853334000000001        0.00000000       0.00000000       0.00000000    
   1.2879999900000001        0.00000000       0.00000000       0.00000000    
   1.2906667000000001        3.15090097E-06   1.64203102E-05   3.59372422E-03
   1.2933334100000000        0.00000000       0.00000000       0.00000000    
   1.2960000000000000        0.00000000       0.00000000       0.00000000    
   1.2986667199999999        0.00000000       0.00000000       0.00000000    
   1.3013334299999999        0.00000000       0.00000000       0.00000000    
   1.3040000199999999        0.00000000       0.00000000       0.00000000    
   1.3066667300000001        0.00000000       0.00000000       0.00000000    
   1.3093333199999999        0.00000000       0.00000000       0.00000000    
   1.3120000400000000        0.00000000       0.00000000       0.00000000    
   1.3146667500000000        0.00000000       0.00000000       0.00000000    
   1.3173333400000000        0.00000000       0.00000000       0.00000000    
   1.3200000500000000        0.00000000       0.00000000       0.00000000    
   1.3226667599999999        0.00000000       0.00000000       0.00000000    
   1.3253333599999999        0.00000000       0.00000000       0.00000000    
   1.3280000700000001        0.00000000       0.00000000       0.00000000    
   1.3306666599999999        1.87898244E-04   5.10118953E-05   1.48277534E-02
   1.3333333700000001        3.14498066E-05   7.07806103E-05   1.39554748E-02
   1.3360000800000000        5.29565499E-04   2.97681254E-04   6.66535720E-02
   1.3386666800000000        9.96217947E-04   6.48445741E-04  0.128833026    
   1.3413333900000000        3.56157520E-03   1.62241084E-03  0.343285173    
   1.3440000999999999        9.94459074E-03   4.05144738E-03  0.852208734    
   1.3466666899999999        1.81955583E-02   6.17338857E-03   1.24939144    
   1.3493334100000001        2.52502766E-02   7.28054764E-03   1.48498130    
   1.3520000000000001        2.83553321E-02   7.57994270E-03   1.52942073    
   1.3546667100000001        3.17848958E-02   7.39016198E-03   1.50754201    
   1.3573334200000000        3.52471285E-02   7.54457386E-03   1.49612081    
   1.3600000100000000        3.78903821E-02   7.57318689E-03   1.45282233    
   1.3626667299999999        4.01309766E-02   7.66654266E-03   1.44215643    
   1.3653333200000000        4.24932763E-02   7.78815709E-03   1.42361987    
   1.3680000299999999        4.60001864E-02   7.96015095E-03   1.40078568    
   1.3706667400000001        4.88549657E-02   8.12543370E-03   1.38312221    
   1.3733333299999999        5.19167893E-02   8.24736338E-03   1.36674464    
   1.3760000500000000        5.39558157E-02   8.38692114E-03   1.35519779    
   1.3786667600000000        5.70716709E-02   8.56262166E-03   1.33963919    
   1.3813333500000000        6.04802147E-02   8.76016263E-03   1.32813621    
   1.3840000600000000        6.42087907E-02   8.90838820E-03   1.31463265    
   1.3866666599999999        6.77275658E-02   9.10295546E-03   1.30558383    
   1.3893333699999999        7.03745633E-02   9.36250854E-03   1.29957652    
   1.3920000800000001        7.65468031E-02   9.59034916E-03   1.28404593    
   1.3946666700000001        7.73671120E-02   9.71453357E-03   1.28250504    
   1.3973333800000001        8.20123106E-02   9.97533835E-03   1.27148986    
   1.4000001000000000        8.63462910E-02   1.02124196E-02   1.26375735    
   1.4026666900000000        9.17239860E-02   1.04978578E-02   1.25491893    
   1.4053334000000000        9.51035395E-02   1.06779784E-02   1.24884665    
   1.4079999900000000       0.100639611       1.10712741E-02   1.24286032    
   1.4106666999999999       0.109599188       1.13360919E-02   1.22715080    
   1.4133334200000001       0.113897078       1.15734041E-02   1.22317636    
   1.4160000100000001       0.116882063       1.18895341E-02   1.22016108    
   1.4186667200000000       0.124290399       1.22539522E-02   1.21431696    
   1.4213333100000001       0.131779373       1.25372922E-02   1.20303130    
   1.4240000200000000       0.136176676       1.28141772E-02   1.19918680    
   1.4266667399999999       0.144221291       1.30784344E-02   1.19122815    
   1.4293333300000000       0.153920799       1.35088442E-02   1.18260384    
   1.4320000399999999       0.164203182       1.37773613E-02   1.17219055    
   1.4346666299999999       0.167184517       1.41642476E-02   1.17213058    
   1.4373333500000001       0.177227095       1.42680118E-02   1.15758204    
   1.4400000600000000       0.184551820       1.47212725E-02   1.15578997    
   1.4426666500000001       0.196012184       1.48917446E-02   1.14489150    
   1.4453333600000000       0.209608153       1.51350955E-02   1.12518191    
   1.4480000700000000       0.220729902       1.55077642E-02   1.11994338    
   1.4506666699999999       0.231798962       1.57006979E-02   1.10812700    
   1.4533333799999999       0.242350683       1.60825513E-02   1.10174572    
   1.4560000900000001       0.251985639       1.62421484E-02   1.09066153    
   1.4586666800000001       0.264045089       1.64699424E-02   1.08551550    
   1.4613333900000001       0.280788839       1.65956225E-02   1.06425726    
   1.4639999900000000       0.293420225       1.67541225E-02   1.05173564    
   1.4666667000000000       0.307815403       1.67211648E-02   1.03586113    
   1.4693334100000000       0.322376460       1.68657210E-02   1.02480137    
   1.4720000000000000       0.334004939       1.69406459E-02   1.00680375    
   1.4746667099999999       0.351641029       1.70061681E-02  0.998275697    
   1.4773333099999999       0.364594579       1.72207691E-02  0.981060326    
   1.4800000200000001       0.381732583       1.68651063E-02  0.959929109    
   1.4826667300000000       0.391449779       1.71411298E-02  0.951870978    
   1.4853334400000000       0.408465713       1.69708468E-02  0.937117815    
   1.4880000400000000       0.421272069       1.68804713E-02  0.920133412    
   1.4906667499999999       0.439710587       1.68106630E-02  0.904865921    
   1.4933333400000000       0.454369694       1.65586509E-02  0.884378612    
   1.4960000499999999       0.467340201       1.65662020E-02  0.875074685    
   1.4986666399999999       0.480291873       1.63791515E-02  0.863236010    
   1.5013333600000001       0.497677505       1.60973780E-02  0.841686666    
   1.5040000700000000       0.513440430       1.57747883E-02  0.823357522    
   1.5066666600000000       0.526096761       1.57250725E-02  0.807725191    
   1.5093333700000000       0.536099851       1.55798923E-02  0.800715029    
   1.5120000800000000       0.548851192       1.53492866E-02  0.781720221    
   1.5146666799999999       0.561230063       1.50720794E-02  0.767943561    
   1.5173333899999999       0.577364087       1.46842888E-02  0.749700367    
   1.5199999799999999       0.588815749       1.45156067E-02  0.736959755    
   1.5226666900000001       0.600122869       1.42803006E-02  0.720158994    
   1.5253334000000001       0.613065898       1.39193591E-02  0.703596115    
   1.5280000000000000       0.621112764       1.37132015E-02  0.698391795    
   1.5306667100000000       0.632574260       1.35575384E-02  0.685923994    
   1.5333333000000000       0.643401146       1.31177185E-02  0.670399666    
   1.5360000100000000       0.654522002       1.29484339E-02  0.659251750    
   1.5386667300000001       0.663724780       1.27018876E-02  0.646522820    
   1.5413333199999999       0.675886154       1.22877108E-02  0.633596361    
   1.5440000300000001       0.683364332       1.21596716E-02  0.619318306    
   1.5466666200000001       0.692419171       1.18947951E-02  0.608587205    
   1.5493333300000001       0.699905396       1.16772335E-02  0.601453245    
   1.5520000500000000       0.709198594       1.14377132E-02  0.582240283    
   1.5546667599999999       0.717132688       1.10671585E-02  0.575770795    
   1.5573333499999999       0.724041343       1.10612484E-02  0.568762720    
   1.5600000599999999       0.733475387       1.07004168E-02  0.549904823    
   1.5626666499999999       0.740114927       1.05341496E-02  0.550112963    
   1.5653333700000001       0.748225391       1.02692368E-02  0.538727701    
   1.5680000800000000       0.754519343       1.00137349E-02  0.522757769    
   1.5706666700000000       0.758933842       9.88204870E-03  0.514642000    
   1.5733333800000000       0.765842259       9.66522377E-03  0.509680033    
   1.5759999800000000       0.772167027       9.45717189E-03  0.497799724    
   1.5786666899999999       0.779343307       9.26282350E-03  0.488990277    
   1.5813333999999999       0.783708394       9.08676907E-03  0.484482944    
   1.5840001100000001       0.792251289       8.80498905E-03  0.472251147    
   1.5866667000000001       0.795444131       8.72688554E-03  0.459606022    
   1.5893333000000001       0.801330984       8.50875210E-03  0.454224557    
   1.5920000100000000       0.806759179       8.32541473E-03  0.446000457    
   1.5946667200000000       0.811902761       8.16130079E-03  0.441855460    
   1.5973333100000000       0.815738440       8.01927689E-03  0.430578530    
   1.6000000200000000       0.818943262       7.90527835E-03  0.426764071    
   1.6026667400000001       0.824572563       7.69246370E-03  0.419817179    
   1.6053333299999999       0.827967703       7.60592753E-03  0.410475761    
   1.6080000400000001       0.833700359       7.40349060E-03  0.400793374    
   1.6106667500000000       0.835753202       7.31698424E-03  0.397464484    
   1.6133333400000001       0.841206789       7.11492216E-03  0.386946410    
   1.6160000600000000       0.843899906       7.02960324E-03  0.380285472    
   1.6186666500000000       0.848220766       6.87988894E-03  0.373767674    
   1.6213333599999999       0.852098644       6.73484197E-03  0.374396056    
   1.6240000699999999       0.855452836       6.58563990E-03  0.362109631    
   1.6266666700000001       0.858523250       6.52758637E-03  0.356850982    
   1.6293333800000001       0.860973120       6.44103019E-03  0.353322864    
   1.6319999700000001       0.864392996       6.31384365E-03  0.345389515    
   1.6346666800000000       0.867251575       6.18315022E-03  0.338354886    
   1.6373333900000000       0.869656980       6.10508071E-03  0.336399972    
   1.6399999900000000       0.873275995       5.96041791E-03  0.327986032    
   1.6426666999999999       0.875717819       5.87774348E-03  0.323824465    
   1.6453332899999999       0.879310727       5.75084286E-03  0.317517191    
   1.6479999999999999       0.880917907       5.69753908E-03  0.312281936    
   1.6506667100000001       0.884701490       5.54093812E-03  0.305622965    
   1.6533333100000001       0.886860430       5.47528779E-03  0.301838517    
   1.6560000200000000       0.890059769       5.33501618E-03  0.296096861    
   1.6586666100000000       0.891251624       5.33132581E-03  0.295303822    
   1.6613333200000000       0.894248366       5.17494837E-03  0.288253337    
   1.6640000300000000       0.895656705       5.13109798E-03  0.283536583    
   1.6666666299999999       0.897524953       5.06420946E-03  0.278612524    
   1.6693333400000001       0.899879038       4.98239184E-03  0.274199933    
   1.6720000500000001       0.902742028       4.83178534E-03  0.270960420    
   1.6746666400000001       0.904454112       4.79397178E-03  0.265234053    
   1.6773333500000001       0.904861331       4.78420081E-03  0.263089597    
   1.6800000700000000       0.907978892       4.65081492E-03  0.257479042    
   1.6826666600000000       0.910034359       4.58941748E-03  0.252244055    
   1.6853333699999999       0.911130488       4.54239640E-03  0.250479192    
   1.6879999600000000       0.914085031       4.41394141E-03  0.244248405    
   1.6906666800000001       0.914480329       4.40876931E-03  0.241653964    
   1.6933333900000000       0.916913927       4.31160349E-03  0.237913504    
   1.6959999800000001       0.918324888       4.25244728E-03  0.232652530    
   1.6986666900000000       0.919733286       4.19379072E-03  0.229718611    
   1.7013332800000001       0.920286179       4.16367687E-03  0.228117421    
