   1.2026667600000001        0.00000000       0.00000000       0.00000000    
   1.2053333500000001        0.00000000       0.00000000       0.00000000    
   1.2080000600000000        0.00000000       0.00000000       0.00000000    
   1.2106666600000000        0.00000000       0.00000000       0.00000000    
   1.2133333700000000        0.00000000       0.00000000       0.00000000    
   1.2160000799999999        4.22951371E-06   1.12143352E-05   1.66062010E-03
   1.2186666700000000        0.00000000       0.00000000       0.00000000    
   1.2213333799999999        0.00000000       0.00000000       0.00000000    
   1.2240001000000000        0.00000000       0.00000000       0.00000000    
   1.2266666900000001        0.00000000       0.00000000       0.00000000    
   1.2293334000000000        0.00000000       0.00000000       0.00000000    
   1.2319999900000000        0.00000000       0.00000000       0.00000000    
   1.2346667099999999        1.75761525E-05   3.46081401E-06   2.10890616E-03
   1.2373334199999999        0.00000000       0.00000000       0.00000000    
   1.2400000099999999        2.46090403E-05   9.52197479E-06   2.84394552E-03
   1.2426667199999999        1.94863078E-05   3.50329424E-06   1.76922861E-03
   1.2453334300000001        3.40394727E-05   2.49828736E-05   6.23085583E-03
   1.2480000300000000        1.72461281E-04   4.75097986E-05   1.69182904E-02
   1.2506667400000000        1.28440326E-04   2.81333359E-05   1.21441092E-02
   1.2533333300000000        5.49699980E-05   1.13340147E-05   6.04779692E-03
   1.2560000400000000        8.94714030E-05   1.86000343E-05   9.72635392E-03
   1.2586667499999999        3.72209644E-04   7.60961993E-05   4.13889699E-02
   1.2613333499999999        2.12872881E-04   5.15383726E-05   2.79616900E-02
   1.2640000600000001        1.74168570E-04   7.29629974E-05   2.29598582E-02
   1.2666666499999999        3.74107447E-04   1.08970933E-04   4.50224802E-02
   1.2693333600000001        2.37536166E-04   8.57227860E-05   3.17529365E-02
   1.2720000700000000        6.36735465E-04   1.67970822E-04   7.96049535E-02
   1.2746666700000000        2.79384927E-04   9.81384437E-05   3.79541144E-02
   1.2773333800000000        7.56820780E-04   1.87194251E-04   8.60486627E-02
   1.2800000899999999        8.24967516E-04   2.12731087E-04   9.75989848E-02
   1.2826666799999999        7.49076542E-04   2.47729680E-04   9.12071913E-02
   1.2853334000000001        1.10767165E-03   3.13684635E-04  0.124663323    
   1.2879999900000001        1.58805191E-03   4.84671182E-04  0.180184558    
   1.2906667000000001        1.62797992E-03   4.96132416E-04  0.164482206    
   1.2933334100000000        2.33312580E-03   7.06940424E-04  0.249293044    
   1.2960000000000000        3.91118601E-03   1.04065309E-03  0.343452841    
   1.2986667199999999        3.11282813E-03   1.00025197E-03  0.299226403    
   1.3013334299999999        4.47352137E-03   1.34372513E-03  0.392900944    
   1.3040000199999999        6.63836207E-03   1.96625805E-03  0.537115216    
   1.3066667300000001        7.74597004E-03   1.96450111E-03  0.521325350    
   1.3093333199999999        1.00209098E-02   2.66136089E-03  0.664161921    
   1.3120000400000000        1.41994748E-02   3.60125350E-03  0.839167714    
   1.3146667500000000        1.75265577E-02   4.32547973E-03  0.966793060    
   1.3173333400000000        2.11332012E-02   4.86148521E-03   1.04752231    
   1.3200000500000000        2.44965106E-02   5.62358554E-03   1.14105594    
   1.3226667599999999        2.82545965E-02   6.35595014E-03   1.25656366    
   1.3253333599999999        3.58722620E-02   7.11189630E-03   1.39805913    
   1.3280000700000001        3.75299379E-02   7.74811255E-03   1.46032429    
   1.3306666599999999        4.39603440E-02   8.35342146E-03   1.52585065    
   1.3333333700000001        4.79303747E-02   8.30045249E-03   1.48944807    
   1.3360000800000000        5.27591780E-02   8.74744542E-03   1.51563513    
   1.3386666800000000        5.67434840E-02   8.75664409E-03   1.47738028    
   1.3413333900000000        6.05603606E-02   8.83766543E-03   1.45548224    
   1.3440000999999999        6.57675266E-02   9.02621355E-03   1.43072665    
   1.3466666899999999        6.99846223E-02   9.09745600E-03   1.40281236    
   1.3493334100000001        7.45503604E-02   9.32597741E-03   1.38431060    
   1.3520000000000001        7.88478330E-02   9.35219228E-03   1.36366367    
   1.3546667100000001        8.38499367E-02   9.55462269E-03   1.34534180    
   1.3573334200000000        8.78632590E-02   9.69499815E-03   1.33014452    
   1.3600000100000000        9.13399085E-02   9.78725031E-03   1.31740415    
   1.3626667299999999        9.81785655E-02   9.92946513E-03   1.29936147    
   1.3653333200000000       0.100227118       1.00586861E-02   1.29259932    
   1.3680000299999999       0.107528597       1.01760989E-02   1.27197337    
   1.3706667400000001       0.111595623       1.02897249E-02   1.26461411    
   1.3733333299999999       0.117158510       1.03887729E-02   1.24800336    
   1.3760000500000000       0.121683836       1.05356723E-02   1.24147248    
   1.3786667600000000       0.129626289       1.07706683E-02   1.22457874    
   1.3813333500000000       0.135786697       1.08054159E-02   1.21506953    
   1.3840000600000000       0.138999924       1.10913375E-02   1.20967102    
   1.3866666599999999       0.147524178       1.11257685E-02   1.19852781    
   1.3893333699999999       0.151638612       1.12146102E-02   1.18922210    
   1.3920000800000001       0.159061626       1.12747364E-02   1.17975926    
   1.3946666700000001       0.168209955       1.13550983E-02   1.16500843    
   1.3973333800000001       0.168620199       1.15221655E-02   1.16453290    
   1.4000001000000000       0.178316534       1.16674481E-02   1.15275884    
   1.4026666900000000       0.186410055       1.16926255E-02   1.13691413    
   1.4053334000000000       0.189883962       1.17862569E-02   1.13521659    
   1.4079999900000000       0.196664631       1.18710697E-02   1.12806487    
   1.4106666999999999       0.205228865       1.20088616E-02   1.11702347    
   1.4133334200000001       0.213722527       1.22367879E-02   1.10735571    
   1.4160000100000001       0.217219591       1.21524744E-02   1.10107946    
   1.4186667200000000       0.229509115       1.23473648E-02   1.08593714    
   1.4213333100000001       0.235697165       1.25002451E-02   1.08152938    
   1.4240000200000000       0.243969515       1.24218296E-02   1.07055724    
   1.4266667399999999       0.249948099       1.24213519E-02   1.05999398    
   1.4293333300000000       0.257809281       1.25368023E-02   1.05643237    
   1.4320000399999999       0.264898866       1.24945072E-02   1.04632652    
   1.4346666299999999       0.274708718       1.25985174E-02   1.03612781    
   1.4373333500000001       0.280580848       1.26383174E-02   1.02945757    
   1.4400000600000000       0.285588354       1.26413116E-02   1.02498245    
   1.4426666500000001       0.297536284       1.27409957E-02   1.01246047    
   1.4453333600000000       0.304026693       1.27541386E-02   1.00492716    
   1.4480000700000000       0.311104417       1.27381664E-02  0.996987343    
   1.4506666699999999       0.322565049       1.27492407E-02  0.981221080    
   1.4533333799999999       0.324290425       1.28555186E-02  0.983992636    
   1.4560000900000001       0.337148488       1.27668558E-02  0.967719316    
   1.4586666800000001       0.347154647       1.27698891E-02  0.959389627    
   1.4613333900000001       0.354652584       1.26687204E-02  0.948202014    
   1.4639999900000000       0.363638729       1.27022071E-02  0.940137029    
   1.4666667000000000       0.369644284       1.27628259E-02  0.935860455    
   1.4693334100000000       0.381392211       1.26965698E-02  0.922132373    
   1.4720000000000000       0.386009544       1.27114756E-02  0.915043294    
   1.4746667099999999       0.394253284       1.26673235E-02  0.908327043    
   1.4773333099999999       0.405448586       1.26562063E-02  0.891205192    
   1.4800000200000001       0.412971288       1.25002628E-02  0.885410666    
   1.4826667300000000       0.419193000       1.25173675E-02  0.879529119    
   1.4853334400000000       0.429073870       1.24858441E-02  0.871506870    
   1.4880000400000000       0.434896111       1.23950066E-02  0.863002539    
   1.4906667499999999       0.442152381       1.23347994E-02  0.856043696    
   1.4933333400000000       0.448298097       1.24417385E-02  0.852508366    
   1.4960000499999999       0.456931800       1.23232240E-02  0.839021266    
   1.4986666399999999       0.464706361       1.22194048E-02  0.830782294    
   1.5013333600000001       0.473417580       1.21215740E-02  0.818376184    
   1.5040000700000000       0.479011834       1.21471127E-02  0.815730929    
   1.5066666600000000       0.486292452       1.20249875E-02  0.804425538    
   1.5093333700000000       0.494050711       1.19416201E-02  0.796636581    
   1.5120000800000000       0.502430141       1.18396161E-02  0.787529051    
   1.5146666799999999       0.509331405       1.17893107E-02  0.781349123    
   1.5173333899999999       0.518985868       1.17245354E-02  0.768243611    
   1.5199999799999999       0.523495913       1.16216158E-02  0.764310896    
   1.5226666900000001       0.529861808       1.15865450E-02  0.757034659    
   1.5253334000000001       0.536144555       1.15922028E-02  0.749903440    
   1.5280000000000000       0.543508291       1.14253694E-02  0.739075899    
   1.5306667100000000       0.547107756       1.13881659E-02  0.737958610    
   1.5333333000000000       0.557921469       1.12623814E-02  0.725356102    
   1.5360000100000000       0.561180353       1.11397905E-02  0.718999803    
   1.5386667300000001       0.570168614       1.10334801E-02  0.705559075    
   1.5413333199999999       0.576183438       1.09616425E-02  0.701369286    
   1.5440000300000001       0.581275582       1.09937452E-02  0.700225413    
   1.5466666200000001       0.586725831       1.08554456E-02  0.690581620    
   1.5493333300000001       0.593972802       1.07468395E-02  0.681500673    
   1.5520000500000000       0.600899100       1.07183428E-02  0.676094174    
   1.5546667599999999       0.604738414       1.05357552E-02  0.667724431    
   1.5573333499999999       0.611491561       1.04525108E-02  0.658657253    
   1.5600000599999999       0.619232595       1.03751831E-02  0.651024818    
   1.5626666499999999       0.622029901       1.03317266E-02  0.646739125    
   1.5653333700000001       0.625739098       1.03110606E-02  0.643561125    
   1.5680000800000000       0.631566405       1.02333445E-02  0.632673144    
   1.5706666700000000       0.635447443       1.01449275E-02  0.629964054    
   1.5733333800000000       0.643499494       1.00175804E-02  0.620426536    
   1.5759999800000000       0.647362173       9.93192475E-03  0.616927147    
   1.5786666899999999       0.653109431       9.83556453E-03  0.609416962    
   1.5813333999999999       0.658185244       9.73710697E-03  0.601264536    
   1.5840001100000001       0.662568629       9.67656076E-03  0.596977115    
   1.5866667000000001       0.668325186       9.60897189E-03  0.592395663    
   1.5893333000000001       0.670834422       9.55015514E-03  0.586182892    
   1.5920000100000000       0.677052081       9.44219343E-03  0.580606759    
   1.5946667200000000       0.678963125       9.37548187E-03  0.573059022    
   1.5973333100000000       0.683836341       9.31711961E-03  0.565365016    
   1.6000000200000000       0.690869033       9.17053502E-03  0.558977246    
   1.6026667400000001       0.694231629       9.14641283E-03  0.557417750    
   1.6053333299999999       0.698281288       9.07371938E-03  0.549446940    
   1.6080000400000001       0.699980915       9.01328307E-03  0.546296477    
   1.6106667500000000       0.704552591       8.94165877E-03  0.539487123    
   1.6133333400000001       0.708257735       8.79952777E-03  0.534654081    
   1.6160000600000000       0.714262247       8.75340682E-03  0.526854634    
   1.6186666500000000       0.717048228       8.64656828E-03  0.520651042    
   1.6213333599999999       0.720584810       8.65673367E-03  0.521762371    
   1.6240000699999999       0.725574553       8.45053978E-03  0.511827111    
   1.6266666700000001       0.728242695       8.45854357E-03  0.511253774    
   1.6293333800000001       0.731401443       8.41948576E-03  0.505035639    
   1.6319999700000001       0.735291898       8.32008012E-03  0.498415202    
   1.6346666800000000       0.738737047       8.25083721E-03  0.494773328    
   1.6373333900000000       0.742256701       8.16667546E-03  0.487278819    
   1.6399999900000000       0.747743785       8.08935333E-03  0.482054830    
   1.6426666999999999       0.751172900       8.01080558E-03  0.479163796    
   1.6453332899999999       0.751311302       7.98645895E-03  0.476421297    
   1.6479999999999999       0.756619811       7.89824873E-03  0.470176101    
   1.6506667100000001       0.757603288       7.89570995E-03  0.466342628    
   1.6533333100000001       0.762519836       7.72156613E-03  0.460016638    
   1.6560000200000000       0.766447008       7.66255613E-03  0.457358479    
   1.6586666100000000       0.767311871       7.65419332E-03  0.453797668    
   1.6613333200000000       0.769636214       7.58509757E-03  0.447639436    
   1.6640000300000000       0.773261070       7.52729597E-03  0.444951534    
   1.6666666299999999       0.777560472       7.42004020E-03  0.437919736    
   1.6693333400000001       0.781092942       7.35280756E-03  0.431776881    
   1.6720000500000001       0.782832503       7.27543654E-03  0.430799186    
   1.6746666400000001       0.785018384       7.27736857E-03  0.427464008    
   1.6773333500000001       0.786889315       7.25756446E-03  0.423688710    
   1.6800000700000000       0.790893614       7.09263142E-03  0.417442143    
   1.6826666600000000       0.794271231       7.07364315E-03  0.412791669    
   1.6853333699999999       0.795460939       6.99410355E-03  0.411131591    
   1.6879999600000000       0.797505021       6.94690878E-03  0.405898839    
   1.6906666800000001       0.800996959       6.90387283E-03  0.403616577    
   1.6933333900000000       0.802664399       6.88743126E-03  0.399631947    
   1.6959999800000001       0.806733727       6.74662087E-03  0.392836213    
   1.6986666900000000       0.809403241       6.68124622E-03  0.390347630    
   1.7013332800000001       0.811108410       6.68281922E-03  0.384902686    
