2.74    0.0199999996    0.0599930026    0.00572084182    0.0535997394
2.74    0.0599999987    0.0624344498    0.010553494560000001    0.0559088643
2.74    0.0999999978    0.0649720728    0.014539950060000001    0.058323154200000005
2.74    0.1399999969    0.067620106    0.01847579141    0.0608528331
2.74    0.1799999992    0.0706301928    0.0227675419    0.063736232
2.74    0.219999998    0.0738079212    0.0276729176    0.0667964258
2.74    0.259999998    0.0777665153    0.0342046013    0.0706259533
2.74    0.299999997    0.08218786859999999    0.0432014056    0.0749337301
2.74    0.340000003    0.0869926587    0.0517787673    0.07961859560000001
2.74    0.38000001    0.0930815339    0.0639417209    0.08559476590000001
2.74    0.420000002    0.0997553319    0.0795477889    0.09218060589999999
2.74    0.459999994    0.1071597785    0.0936695375    0.0994973853
2.74    0.499999985    0.115002945    0.1123707779    0.10731642320000001
2.74    0.539999991    0.122868441    0.1270152665    0.1151130796
2.74    0.580000013    0.13094953450000002    0.14220783110000002    0.123166997
2.74    0.620000005    0.1386846751    0.1562297121    0.1308873743
2.74    0.659999997    0.1480456516    0.17283544690000002    0.140255712
2.74    0.700000018    0.1575517654    0.1888367608    0.1497919932
2.74    0.740000009    0.166914247    0.2040898504    0.1591966003
2.74    0.780000001    0.17488323900000002    0.21668461    0.1672305241
2.74    0.819999993    0.18657893679999998    0.232651018    0.1789733618
2.74    0.859999985    0.1934777648    0.243059635    0.1859594584
2.74    0.900000006    0.20223454349999997    0.25520630099999997    0.1947892532
2.74    0.939999997    0.21007446200000002    0.26655831900000004    0.2027449604
2.74    0.979999989    0.216004469    0.27547726    0.208780632
2.74    1.019999981    0.226247028    0.288380474    0.21918269899999998
2.74    1.060000002    0.234438822    0.296997175    0.227449701
2.74    1.100000023    0.239451535    0.303759993    0.232540079
2.74    1.139999985    0.243105508    0.30927138    0.236327224
2.74    1.1800000069999999    0.24826745    0.315286234    0.241602235
2.74    1.220000029    0.258026704    0.326455503    0.251505494
2.74    1.259999991    0.263689727    0.331782579    0.257286802
2.74    1.300000012    0.26895906    0.33866460600000003    0.262673438
2.74    1.340000033    0.27252671100000003    0.34236860300000005    0.266299456
2.74    1.379999995    0.2750749    0.345624462    0.268957481
2.74    1.420000017    0.28236572400000004    0.35451166300000003    0.27648183699999995
2.74    1.460000039    0.282728478    0.35448204    0.276762218
2.74    1.5    0.287743062    0.36000733100000004    0.281892508
2.74    1.539999961    0.294215366    0.364688188    0.28847394800000004
2.74    1.579999983    0.292803421    0.364756152    0.28707618999999995
2.74    1.620000005    0.29659587200000004    0.36852847    0.29091452
2.74    1.659999967    0.300127924    0.372745082    0.294602797
2.74    1.699999988    0.302107841    0.374533951    0.296611487
2.74    1.740000009    0.30502595    0.37693919200000003    0.29960015500000003
2.74    1.779999971    0.305113211    0.37711960099999997    0.29973492
2.74    1.8199999930000001    0.30587181500000005    0.378761679    0.30055077399999997
2.74    1.860000015    0.30532844400000003    0.379099727    0.29998491699999996
2.74    1.899999977    0.303064287    0.37642619099999997    0.297617912
2.74    1.939999998    0.30769707300000004    0.380999655    0.302397162
2.74    1.980000019    0.30728459399999997    0.379602358    0.30197730700000003
