2.8599999    0.0199999996    0.1561374143    0.013916784909999999    0.14636264
2.8599999    0.0599999987    0.1624833643    0.0303414353    0.1527210846
2.8599999    0.0999999978    0.1706653833    0.046666678    0.1609387472
2.8599999    0.1399999969    0.1819665581    0.0681267325    0.1723182201
2.8599999    0.1799999992    0.1944308955    0.09106884900000001    0.18487919120000001
2.8599999    0.219999998    0.21207526399999999    0.1236418671    0.20272664740000002
2.8599999    0.259999998    0.231009699    0.1545346305    0.221881271
2.8599999    0.299999997    0.25311578    0.1900924814    0.244312257
2.8599999    0.340000003    0.276703716    0.22475162199999998    0.268308699
2.8599999    0.38000001    0.30003702600000004    0.25587802400000004    0.292099818
2.8599999    0.420000002    0.321376756    0.283121198    0.313888728
2.8599999    0.459999994    0.343465641    0.30741739300000004    0.336490691
2.8599999    0.499999985    0.36277914099999997    0.327750251    0.356294215
2.8599999    0.539999991    0.382036238    0.346468121    0.376061738
2.8599999    0.580000013    0.40064486899999996    0.365953922    0.39528516
2.8599999    0.620000005    0.416213304    0.381050571    0.411386296
2.8599999    0.659999997    0.436215743    0.397735805    0.43203748799999997
2.8599999    0.700000018    0.446406141    0.408110887    0.442703322
2.8599999    0.740000009    0.460756779    0.419629276    0.457634091
2.8599999    0.780000001    0.470789999    0.428026676    0.468080327
2.8599999    0.819999993    0.482186004    0.43746893099999995    0.480011553
2.8599999    0.859999985    0.488856823    0.444337055    0.48705963799999996
2.8599999    0.900000006    0.501892478    0.453821868    0.500742331
2.8599999    0.939999997    0.5096745490000001    0.461483643    0.508973479
2.8599999    0.979999989    0.514811516    0.46503909    0.514467806
2.8599999    1.019999981    0.5241633349999999    0.472207367    0.524266451
2.8599999    1.060000002    0.5270539519999999    0.476090312    0.527497977
2.8599999    1.100000023    0.535036981    0.482185871    0.536000162
2.8599999    1.139999985    0.544180871    0.48882181999999996    0.545640558
2.8599999    1.1800000069999999    0.55043897    0.493566334    0.5523546930000001
2.8599999    1.220000029    0.552286356    0.495397642    0.5543109479999999
2.8599999    1.259999991    0.5556760430000001    0.49858041200000003    0.558030724
2.8599999    1.300000012    0.563000113    0.50512132    0.565957695
2.8599999    1.340000033    0.5635493389999999    0.50557965    0.5665133600000001
2.8599999    1.379999995    0.567803979    0.508737862    0.571154147
2.8599999    1.420000017    0.571697414    0.511815637    0.575275034
2.8599999    1.460000039    0.573375999    0.513602346    0.577192008
2.8599999    1.5    0.576073677    0.515367031    0.5800456700000001
2.8599999    1.539999961    0.58191061    0.518748343    0.586264968
2.8599999    1.579999983    0.5806136129999999    0.5197242790000001    0.585107684
2.8599999    1.620000005    0.58337459    0.521699548    0.587965906
2.8599999    1.659999967    0.5861968989999999    0.52265808    0.5909478960000001
2.8599999    1.699999988    0.584291399    0.522052229    0.589018911
2.8599999    1.740000009    0.58843422    0.525179565    0.593461692
2.8599999    1.779999971    0.584776849    0.523222715    0.589689642
2.8599999    1.8199999930000001    0.589997232    0.5269216299999999    0.5952220859999999
2.8599999    1.860000015    0.589190036    0.525975794    0.594396681
2.8599999    1.899999977    0.5931752619999999    0.52775985    0.598550201
2.8599999    1.939999998    0.591308117    0.528547287    0.596725195
2.8599999    1.980000019    0.590737105    0.5272923410000001    0.595990986
