2.98000002    0.0199999996    0.438043326    0.03197363925000001    0.432458028
2.98000002    0.0599999987    0.553472295    0.2290113347    0.549440413
2.98000002    0.0999999978    0.66153559    0.328124419    0.659400046
2.98000002    0.1399999969    0.736506075    0.383570224    0.736221939
2.98000002    0.1799999992    0.7819719009999999    0.41647546    0.783310771
2.98000002    0.219999998    0.815623582    0.442287475    0.818678409
2.98000002    0.259999998    0.834521502    0.45764443200000005    0.839040994
2.98000002    0.299999997    0.851622849    0.473399073    0.8577216270000001
2.98000002    0.340000003    0.8610649109999999    0.484454453    0.868439883
2.98000002    0.38000001    0.864842683    0.49423165599999996    0.873462409
2.98000002    0.420000002    0.8722330629999999    0.502031148    0.8820078069999999
2.98000002    0.459999994    0.873494357    0.509753913    0.8843313749999999
2.98000002    0.499999985    0.877820194    0.515817494    0.88981089
2.98000002    0.539999991    0.8789828420000001    0.522607952    0.8920382259999999
2.98000002    0.580000013    0.881250173    0.5271607039999999    0.8951774539999999
2.98000002    0.620000005    0.8823982779999999    0.532981723    0.897342474
2.98000002    0.659999997    0.881387532    0.537171244    0.896987289
2.98000002    0.700000018    0.881075829    0.5405057959999999    0.897458375
2.98000002    0.740000009    0.881331861    0.54549852    0.8985432090000001
2.98000002    0.780000001    0.884644627    0.55005616    0.902889192
2.98000002    0.819999993    0.88294366    0.55463016    0.902052761
2.98000002    0.859999985    0.8799486759999999    0.556921899    0.8995124400000001
2.98000002    0.900000006    0.882549941    0.5594152809999999    0.902837485
2.98000002    0.939999997    0.882778048    0.562431574    0.90374288
2.98000002    0.979999989    0.883708268    0.566873878    0.905569047
2.98000002    1.019999981    0.884221285    0.569438994    0.9065846200000001
2.98000002    1.060000002    0.8821303549999999    0.570916206    0.9050090909999999
2.98000002    1.100000023    0.8843490190000001    0.573766768    0.907735557
2.98000002    1.139999985    0.877744823    0.574212849    0.9011827109999999
2.98000002    1.1800000069999999    0.88074407    0.5760255750000001    0.904741079
2.98000002    1.220000029    0.8791851399999999    0.580203236    0.903879702
2.98000002    1.259999991    0.8793157039999999    0.5807169379999999    0.9042788150000001
2.98000002    1.300000012    0.879340679    0.582263857    0.904647231
2.98000002    1.340000033    0.878857225    0.583344936    0.9044514889999999
2.98000002    1.379999995    0.8785502620000001    0.585784047    0.904673815
2.98000002    1.420000017    0.875838578    0.587070823    0.902108013
2.98000002    1.460000039    0.880913079    0.587967992    0.907665164
2.98000002    1.5    0.878462225    0.589749724    0.905432016
2.98000002    1.539999961    0.8754886980000001    0.589490533    0.9024945200000001
2.98000002    1.579999983    0.879094959    0.59156841    0.906574756
2.98000002    1.620000005    0.879228562    0.591649949    0.906877756
2.98000002    1.659999967    0.879539371    0.593097448    0.907516569
2.98000002    1.699999988    0.881497741    0.5941066150000001    0.909773529
2.98000002    1.740000009    0.876297176    0.59375453    0.904245347
2.98000002    1.779999971    0.877430648    0.5948542649999999    0.905555427
2.98000002    1.8199999930000001    0.878341467    0.59528181    0.906753004
2.98000002    1.860000015    0.879127652    0.597389549    0.9079795479999999
2.98000002    1.899999977    0.877591104    0.5950524509999999    0.905888468
2.98000002    1.939999998    0.878670305    0.597331404    0.907420754
2.98000002    1.980000019    0.878794462    0.597054571    0.907560914
